1 0.290704 0.320261 0.027136 0.015406
1 0.388831 0.424020 0.047969 0.041783
1 0.228466 0.427171 0.032563 0.044351
1 0.566089 0.574463 0.044993 0.039683
1 0.503239 0.579599 0.022584 0.012138
1 0.474877 0.616480 0.044643 0.014939
1 0.267682 0.677638 0.012255 0.070495
1 0.363533 0.699697 0.043592 0.036181
1 0.257353 0.710201 0.020308 0.044118
1 0.257265 0.616597 0.043943 0.031979
1 0.304622 0.596639 0.033263 0.041083
1 0.296656 0.430089 0.023634 0.017507
1 0.233631 0.384104 0.029937 0.019841
1 0.233543 0.369514 0.039916 0.044818
1 0.309833 0.575786 0.039764 0.021714
1 0.382746 0.595742 0.052953 0.031268
1 0.386907 0.575786 0.044848 0.037752
1 0.382260 0.574057 0.045497 0.038040
1 0.311800 0.586809 0.041822 0.015994
1 0.306558 0.639762 0.037175 0.041210
1 0.351407 0.673047 0.030691 0.015562
1 0.390689 0.667211 0.026693 0.018011
1 0.388258 0.645165 0.028746 0.028962
1 0.402361 0.641707 0.045280 0.035014
1 0.292054 0.717118 0.028405 0.015150
1 0.294750 0.702355 0.022782 0.014222
1 0.302344 0.720751 0.043536 0.021951
1 0.425678 0.526697 0.026095 0.027417
1 0.434505 0.539563 0.035565 0.048615
1 0.437365 0.488926 0.036186 0.054864
1 0.440191 0.496508 0.037426 0.039701
1 0.471069 0.451431 0.011511 0.047145
1 0.486233 0.465951 0.028053 0.020494
1 0.488823 0.506465 0.035529 0.046113
1 0.464450 0.630044 0.046857 0.026890
1 0.485126 0.649657 0.038288 0.021160
1 0.490108 0.634664 0.042273 0.017554
1 0.513415 0.592534 0.041775 0.015846
1 0.247937 0.587773 0.031071 0.005888
1 0.243008 0.564325 0.032412 0.027128
1 0.273448 0.610484 0.026734 0.035119
1 0.156893 0.573946 0.032885 0.037958
1 0.144236 0.584355 0.023185 0.052679
1 0.166435 0.569530 0.048026 0.044898
1 0.313437 0.608143 0.042344 0.028277
1 0.309344 0.632150 0.036580 0.031503
6 0.488416 0.664772 0.025815 0.046092
6 0.505997 0.624515 0.024332 0.011078
6 0.545987 0.517885 0.012821 0.053894
6 0.526806 0.529419 0.026981 0.042360
0 0.363475 0.700071 0.043469 0.037534
0 0.351638 0.673346 0.031731 0.016711
0 0.267286 0.677855 0.012036 0.072946
0 0.257637 0.710084 0.021187 0.044829
0 0.292950 0.702193 0.027554 0.017374
0 0.291309 0.717909 0.030637 0.016446
0 0.300311 0.722286 0.046851 0.022812
0 0.242219 0.564723 0.034318 0.028117
0 0.247889 0.587933 0.032925 0.005836
0 0.257265 0.616713 0.043943 0.031746
0 0.566089 0.574463 0.044993 0.039683
0 0.295693 0.430439 0.025560 0.018207
0 0.388831 0.424020 0.047969 0.041783
0 0.486782 0.466036 0.027136 0.020308
0 0.490546 0.507470 0.033263 0.042484
0 0.228466 0.427171 0.032563 0.044351
0 0.290704 0.320261 0.027136 0.015406
0 0.310151 0.575437 0.040476 0.022046
0 0.382910 0.596286 0.054017 0.032021
0 0.382049 0.573691 0.046910 0.039902
0 0.387770 0.575644 0.047255 0.038620
0 0.144485 0.584565 0.023878 0.053799
0 0.166653 0.569717 0.048533 0.044683
0 0.158339 0.574407 0.033463 0.038707
0 0.389609 0.666641 0.031513 0.017637
0 0.310125 0.632292 0.037678 0.031969
0 0.307195 0.640411 0.039429 0.041712
0 0.313893 0.607833 0.042930 0.029737
0 0.273551 0.610878 0.026946 0.035420
0 0.311800 0.587687 0.043006 0.018065
0 0.304697 0.595674 0.033402 0.041464
0 0.388546 0.644100 0.029102 0.029178
0 0.401600 0.640875 0.048912 0.036038
0 0.503294 0.579175 0.024456 0.015762
0 0.513852 0.593072 0.041963 0.017086
0 0.484930 0.649323 0.039526 0.021057
0 0.491021 0.634824 0.044850 0.019011
0 0.465257 0.630433 0.048550 0.029960
0 0.474958 0.616535 0.046475 0.015883
0 0.434522 0.539642 0.037367 0.051454
0 0.425486 0.526402 0.027202 0.028990
0 0.471324 0.451543 0.011577 0.047940
0 0.440216 0.495467 0.041038 0.039155
0 0.438569 0.487435 0.035485 0.052709
0 0.234217 0.369326 0.042089 0.047005
0 0.234517 0.382996 0.032376 0.018706
5 0.545917 0.517405 0.013207 0.056514
5 0.489327 0.665446 0.028718 0.046276
5 0.506220 0.624494 0.028410 0.011876
5 0.526952 0.528871 0.028718 0.045457
8 0.808561 0.514755 0.094830 0.196954
9 0.450022 0.582503 0.620215 0.047945
4 0.410741 0.412288 0.295232 0.343067
4 0.357159 0.496286 0.275072 0.193461
4 0.358978 0.665401 0.179124 0.119304
4 0.446816 0.632629 0.164194 0.059418
7 0.597930 0.301587 0.211178 0.013130
3 0.493015 0.590589 0.004748 0.006132
3 0.360997 0.602309 0.005208 0.004728
3 0.138207 0.548845 0.004924 0.009045
3 0.232515 0.592047 0.004559 0.009179
3 0.257978 0.592320 0.003602 0.005471
3 0.288252 0.595348 0.010273 0.010128
4 0.236092 0.567743 0.026597 0.045114
2 0.231798 0.566799 0.005524 0.008725
2 0.270602 0.709881 0.004518 0.008057
2 0.274448 0.322870 0.002746 0.007781
2 0.283545 0.439584 0.005836 0.002746
2 0.214890 0.392669 0.004806 0.010527
2 0.363356 0.401938 0.003776 0.011214
2 0.468402 0.472936 0.004514 0.016267
2 0.410770 0.505865 0.009298 0.016082
2 0.373962 0.654062 0.004377 0.007336
2 0.340574 0.675987 0.003626 0.007170
2 0.539318 0.551652 0.005308 0.011423
2 0.447362 0.613095 0.008754 0.008481
2 0.461543 0.630563 0.006303 0.006536